1
55
181
262
343
424
505
595
676
757
838
919
1441
2332
3223
4114
5005
5995
6886
7777
8668
9559
10801
11611
12421
13231
14041
14941
15751
16561
17371
18181
19891
20602
21412
22222
23032
23932
24742
25552
26362
27172
28882
29692
30403
31213
32023
32923
33733
34543
35353
36163
37873
38683
39493
40204
41014
41914
42724
43534
44344
45154
46864
47674
48484
49294
50005
50905
51715
52525
53335
54145
55855
56665
57475
58285
59095
59995
60706
61516
62326
63136
64846
65656
66466
67276
68086
68986
69796
70507
71317
72127
73837
74647
75457
76267
77077
77977
78787
79597
80308
81118
82828
83638
84448
85258
86068
86968
87778
88588
89398
90109
91819
92629
93439
94249
95059
95959
96769
97579
98389
99199
104401
113311
122221
131131
140041
149941
158851
167761
176671
185581
194491
203302
212212
221122
230032
239932
248842
257752
266662
275572
284482
293392
302203
311113
320023
329923
338833
347743
356653
365563
374473
383383
392293
401104
410014
419914
428824
437734
446644
455554
464464
473374
482284
491194
500005
509905
518815
527725
536635
545545
554455
563365
572275
581185
590095
599995
608806
617716
626626
635536
644446
653356
662266
671176
680086
689986
698896
707707
716617
725527
734437
743347
752257
761167
770077
779977
788887
797797
806608
815518
824428
833338
842248
851158
860068
869968
878878
887788
896698
905509
914419
923329
932239
941149
950059
959959
968869
977779
986689
995599
1008001
1016101
1024201
1032301
1040401
